10165
10166
10168
10168
10168
10170
10170
10170
10170
10170
10171
10171
10171
10171
10171
10172
10172
10172
10172
10172
10175
10175
10175
10175
10175
10176
10176
10176
10179
10179
10179
10180
10180
10180
10181
10181
10181
10182
10182
10182
10184
10184
10184
10300
10300
10300
10300
10300
10566
10566
10566
10566
10566
10687
10806
10806
10806
10806
10806
10810
10810
10810
10810
10810
10811
10811
10811
10811
10811
10817
10817
10817
10817
10817
10818
10818
10818
10818
10818
10819
10820
10821
10821
10821
10825
10825
10825
10826
10827
10828
10834
10835
10836
10837
10840
10840
10840
10841
10841
10841
11723
6279
6279
6279
6287
6287
6287
6332
6332
6332
6334
6334
6334
6335
6335
6335
6338
6338
6338
6340
6340
6340
6341
6341
6341
6344
6344
6344
6346
6346
6346
6347
6347
6347
6348
6348
6348
6350
6350
6350
6351
6351
6351
6352
6352
6352
6354
6354
6354
6358
6358
6358
6359
6359
6359
6360
6360
6360
6361
6361
6361
6363
6363
6363
6364
6364
6364
6365
6365
6365
6367
6367
6367
6368
6368
6368
6369
6369
6369
6370
6370
6370
6372
6372
6372
6373
6373
6373
6374
6374
6374
6375
6375
6375
6376
6376
6376
6379
6379
6379
6381
6381
6381
6384
6384
6384
6385
6385
6385
6386
6386
6386
6387
6387
6387
6388
6388
6388
6393
6393
6393
6395
6395
6395
6397
6397
6397
6398
6398
6398
6399
6399
6399
6402
6402
6402
6403
6403
6403
6404
6404
6404
6407
6407
6407
6408
6408
6408
6409
6409
6409
6411
6411
6411
6411
6411
6413
6413
6413
6413
6413
6414
6414
6414
6414
6414
6415
6415
6415
6415
6415
6416
6416
6416
6416
6416
6421
6421
6421
6421
6421
6422
6422
6422
6422
6422
6424
6424
6424
6424
6424
6426
6426
6426
6426
6426
6427
6427
6427
6427
6427
6430
6430
6430
6430
6430
6431
6431
6431
6431
6431
6433
6433
6433
6433
6433
6435
6435
6435
6435
6435
6437
6437
6437
6437
6437
6438
6438
6438
6442
6442
6442
6443
6443
6443
6444
6444
6444
6446
6446
6446
6447
6447
6447
6450
6450
6450
6451
6451
6451
6453
6453
6453
6454
6454
6454
6455
6455
6455
6456
6456
6456
6456
6456
6457
6457
6457
6457
6457
6458
6458
6458
6458
6458
6459
6459
6459
6459
6459
6460
6460
6460
6460
6460
6461
6461
6461
6462
6462
6462
6463
6463
6463
6464
6464
6464
6465
6465
6465
6466
6466
6466
6466
6466
6469
6469
6469
6469
6469
6477
6478
6481
6481
6481
6481
6481
6484
6484
6484
6486
6492
6492
6492
6492
6492
6496
6496
6496
6498
6499
6501
6501
6501
6504
6504
6504
6505
6505
6505
6506
6506
6506
6509
6509
6509
6510
6510
6510
6512
6512
6512
6513
6513
6513
6516
6516
6516
6520
6520
6520
6523
6523
6523
6525
6525
6525
6526
6526
6526
6527
6527
6527
6528
6528
6528
6530
6530
6530
6531
6531
6531
6531
6531
6533
6533
6533
6534
6534
6534
6534
6534
6535
6535
6535
6535
6535
6537
6537
6537
6538
6540
6541
6542
6543
6544
6544
6544
6546
6546
6546
6548
6549
6549
6549
6552
6552
6552
6555
6555
6555
6556
6556
6556
6559
6559
6559
6559
6559
6560
6560
6560
6560
6560
6563
6563
6563
6563
6563
6564
6564
6564
6564
6564
6565
6565
6565
6565
6565
6566
6566
6566
6566
6566
6569
6569
6569
6569
6569
6573
6574
6580
6580
6580
6584
6585
6586
6588
6589
6591
6592
6595
6597
6597
6597
6600
6601
6601
6601
6603
6603
6603
6608
6608
6608
6610
6610
6610
6613
6613
6613
6614
6614
6614
6615
6615
6615
6616
6616
6616
6617
6617
6617
6618
6620
6620
6620
6622
6622
6622
6623
6623
6623
6625
6625
6625
6627
6627
6627
6627
6627
6628
6628
6628
6628
6628
6633
6633
6633
6635
6639
6639
6639
6639
6639
6640
6640
6640
6640
6640
6643
6643
6643
6643
6643
6644
6644
6644
6644
6644
6645
6645
6645
6645
6645
6646
6646
6646
6646
6646
6647
6647
6647
6647
6647
6648
6648
6648
6648
6648
6649
6649
6649
6651
6651
6651
6651
6651
6652
6652
6652
6652
6652
6654
6654
6654
6654
6654
6655
6655
6655
6655
6655
6656
6656
6656
6656
6656
6657
6657
6657
6657
6657
6658
6658
6658
6658
6658
6660
6660
6660
6660
6660
6662
6662
6662
6662
6662
6664
6664
6664
6666
6667
6668
6670
6670
6670
6673
6673
6673
6675
6676
6678
6678
6678
6681
6682
6685
6685
6685
6686
6686
6686
6687
6689
6692
6692
6692
6692
6692
6693
6693
6693
6693
6693
6701
6701
6701
6701
6701
6701
6703
6703
6703
6703
6703
6703
6704
6704
6704
6704
6704
6704
6706
6706
6706
6706
6706
6707
6707
6707
6707
6707
6707
6708
6708
6708
6708
6708
6710
6710
6710
6710
6710
6710
6711
6711
6711
6711
6711
6711
6712
6712
6712
6712
6712
6712
6713
6713
6713
6713
6713
6713
6714
6714
6714
6714
6714
6714
6715
6715
6715
6715
6715
6715
6716
6716
6716
6716
6716
6719
6719
6719
6719
6719
6727
6727
6727
6728
6728
6728
6731
6731
6731
6732
6732
6732
6734
6734
6734
6735
6735
6735
6736
6736
6736
6737
6737
6737
6738
6738
6738
6739
6739
6739
6742
6742
6742
6743
6743
6743
6745
6745
6745
6746
6746
6746
6747
6747
6747
6748
6748
6748
6748
6748
6749
6749
6749
6750
6750
6750
6750
6750
6754
6754
6754
6754
6754
6755
6755
6755
6756
6756
6756
6760
6760
6760
6762
6762
6762
6762
6762
6763
6763
6763
6764
6764
6764
6764
6764
6770
6770
6770
6770
6770
6772
6772
6772
6772
6772
6773
6773
6773
6773
6773
6776
6776
6776
6776
6776
6779
6779
6779
6779
6779
6783
6783
6783
6787
6787
6787
6787
6787
6788
6788
6788
6788
6788
6789
6789
6789
6789
6789
6790
6790
6790
6790
6790
6792
6792
6792
6792
6792
6793
6793
6793
6793
6793
6797
6797
6797
6797
6797
6798
6798
6798
6798
6798
6799
6799
6799
6799
6799
6800
6800
6800
6800
6800
6802
6802
6802
6802
6802
6803
6803
6803
6803
6803
6804
6804
6804
6804
6804
6805
6805
6805
6805
6805
6806
6806
6806
6806
6806
6807
6807
6807
6807
6807
6808
6808
6808
6810
6812
6813
6813
6813
6814
6814
6814
6818
6818
6818
6818
6818
6819
6819
6819
6819
6819
6820
6820
6820
6820
6820
6824
6824
6824
6824
6824
6826
6826
6826
6826
6826
6829
6829
6829
6830
6830
6830
6830
6830
6832
6832
6832
6832
6832
6833
6833
6833
6833
6833
6836
6836
6836
6836
6836
6838
6838
6838
6838
6838
6839
6839
6839
6839
6839
6842
6842
6842
6842
6842
6843
6843
6843
6843
6843
6846
6846
6846
6846
6846
6849
6851
6851
6851
6851
6851
6852
6852
6852
6852
6852
6853
6853
6853
6853
6853
6854
6854
6854
6854
6854
6855
6855
6855
6855
6855
6857
6857
6857
6857
6857
6858
6858
6858
6858
6858
6859
6859
6859
6859
6859
6860
6860
6860
6860
6860
6890
6890
6890
6890
6890
6891
6891
6891
6891
6891
6899
6899
6899
6899
6899
6900
6900
6900
6900
6900
6901
6901
6901
6901
6901
6902
6902
6902
6902
6902
6904
6904
6904
6904
6904
6908
6908
6908
6908
6908
6909
6909
6909
6909
6909
6911
6911
6911
6911
6911
6913
6913
6913
6914
6914
6914
6918
6918
6918
6919
6919
6919
6922
6922
6922
6924
6924
6924
6926
6926
6926
6926
6926
6928
6928
6928
6928
6928
6929
6929
6929
6929
6929
6930
6930
6930
6930
6930
6931
6931
6931
6931
6931
6933
6933
6933
6933
6933
6934
6934
6934
6934
6934
6935
6935
6935
6935
6935
6936
6936
6936
6936
6936
6938
6938
6938
6938
6938
6939
6939
6939
6939
6939
6940
6940
6940
6940
6940
6941
6941
6941
6941
6941
6943
6943
6943
6943
6943
6945
6945
6945
6945
6945
6946
6946
6946
6946
6946
6947
6947
6947
6947
6947
6953
6953
6953
6953
6953
6955
6955
6955
6956
6956
6956
6957
6957
6957
6960
6960
6960
6960
6960
6964
6964
6964
6964
6964
6965
6965
6965
6965
6965
6966
6966
6966
6966
6966
6967
6967
6967
6967
6967
6968
6968
6968
6968
6968
6969
6969
6969
6969
6969
6970
6970
6970
6970
6970
6971
6971
6971
6971
6971
6972
6972
6972
6972
6972
6974
6974
6974
6974
6974
6976
6976
6976
6976
6976
6978
6978
6978
6978
6978
6981
6981
6981
6981
6981
6982
6982
6982
6982
6982
6985
6985
6985
6985
6985
6986
6986
6986
6986
6986
6992
6993
6993
6993
6994
6994
6994
6995
6995
6995
6996
6996
6996
6997
6997
6997
6998
6998
6998
6999
6999
6999
7000
7003
7006
7006
7006
7007
7007
7007
7008
7009
7010
7011
7014
7015
7017
7018
7021
7022
7024
7025
7026
7027
7028
7033
7036
7037
7038
7039
7039
7039
7043
7043
7043
7044
7044
7044
7045
7045
7045
7046
7046
7046
7047
7047
7047
7049
7049
7049
7050
7050
7050
7051
7051
7051
7053
7053
7053
7055
7059
7061
7061
7061
7064
7064
7064
7065
7065
7065
7070
7070
7070
7071
7071
7071
7072
7072
7072
7073
7073
7073
7075
7075
7075
7077
7077
7077
7078
7078
7078
7079
7081
7082
7083
7086
7087
7088
7090
7091
7094
7096
7097
7097
7097
7098
7098
7098
7100
7100
7100
7100
7100
7102
7102
7102
7102
7102
7103
7103
7103
7103
7103
7107
7107
7107
7107
7107
7108
7108
7108
7108
7108
7109
7109
7109
7109
7109
7110
7110
7110
7110
7110
7115
7115
7115
7115
7115
7118
7118
7118
7118
7118
7121
7121
7121
7121
7121
7122
7122
7122
7122
7122
7123
7123
7123
7123
7123
7124
7124
7124
7124
7124
7125
7125
7125
7125
7125
7127
7127
7127
7128
7128
7128
7130
7130
7130
7131
7131
7131
7132
7132
7132
7136
7136
7136
7142
7142
7142
7142
7142
7144
7144
7144
7144
7144
7146
7146
7146
7146
7146
7147
7147
7147
7147
7147
7151
7151
7151
7151
7151
7156
7156
7156
7157
7160
7161
7162
7163
7164
7165
7167
7168
7170
7171
7174
7174
7174
7175
7175
7175
7176
7176
7176
7177
7177
7177
7178
7179
7181
7182
7183
7184
7185
7186
7187
7188
7189
7192
7192
7192
7193
7193
7193
7193
7193
7194
7194
7194
7194
7194
7195
7195
7195
7195
7195
7199
7199
7199
7201
7201
7201
7201
7201
7202
7202
7202
7202
7202
7205
7205
7205
7205
7205
7209
7209
7209
7210
7210
7210
7211
7211
7211
7212
7212
7212
7214
7214
7214
7219
7219
7219
7221
7221
7221
7222
7222
7222
7225
7225
7225
7226
7226
7226
7227
7227
7227
7229
7229
7229
7230
7230
7230
7230
7230
7235
7235
7235
7235
7235
7236
7236
7236
7236
7236
7238
7238
7238
7238
7238
7239
7239
7239
7239
7239
7239
7240
7240
7240
7240
7240
7242
7242
7242
7242
7242
7243
7243
7243
7243
7243
7244
7244
7244
7244
7244
7245
7245
7245
7245
7245
7247
7247
7247
7247
7247
7251
7251
7251
7251
7251
7252
7252
7252
7252
7252
7256
7256
7256
7256
7256
7257
7257
7257
7257
7257
7258
7258
7258
7258
7258
7258
7261
7261
7261
7261
7261
7263
7263
7263
7263
7263
7264
7264
7264
7264
7264
7265
7265
7265
7265
7265
7266
7266
7266
7266
7266
7267
7267
7267
7267
7267
7270
7270
7270
7271
7271
7271
7271
7271
7271
7272
7272
7272
7272
7272
7272
7273
7273
7273
7273
7273
7273
7278
7278
7278
7278
7278
7278
7282
7282
7282
7282
7282
7285
7285
7285
7285
7285
7285
7287
7287
7287
7287
7287
7288
7288
7288
7288
7288
7288
7289
7289
7289
7289
7289
7290
7290
7290
7290
7290
7292
7292
7292
7292
7292
7293
7293
7293
7293
7293
7298
7298
7298
7298
7298
7298
7299
7299
7299
7299
7299
7304
7304
7304
7304
7304
7305
7305
7305
7305
7305
7305
7306
7306
7306
7306
7306
7306
7310
7310
7310
7310
7310
7310
7311
7311
7311
7311
7311
7311
7312
7312
7312
7312
7312
7312
7313
7313
7313
7313
7313
7313
7314
7314
7314
7314
7314
7316
7316
7316
7316
7316
7316
7317
7317
7317
7317
7317
7317
7318
7318
7318
7318
7318
7318
7319
7319
7319
7319
7319
7321
7321
7321
7321
7321
7321
7322
7322
7322
7322
7322
7322
7324
7324
7324
7324
7324
7325
7325
7325
7325
7325
7325
7328
7328
7328
7328
7328
7330
7330
7330
7330
7330
7331
7331
7331
7331
7331
7331
7332
7332
7332
7332
7332
7332
7335
7335
7335
7335
7335
7336
7336
7336
7336
7336
7340
7340
7340
7340
7340
7344
7344
7344
7344
7344
7345
7345
7345
7353
7353
7353
7354
7354
7354
7354
7354
7356
7356
7356
7356
7356
7357
7357
7357
7357
7357
7357
7362
7362
7362
7362
7362
7363
7363
7363
7363
7363
7364
7364
7364
7364
7364
7364
7366
7366
7366
7366
7366
7372
7372
7372
7372
7372
7372
7374
7374
7374
7374
7374
7374
7375
7375
7375
7375
7375
7375
7377
7377
7377
7377
7377
7377
7405
7405
7405
7405
7405
7405
7410
7410
7410
7410
7410
7411
7411
7411
7411
7411
7412
7412
7412
7412
7412
7414
7414
7414
7414
7414
7418
7418
7418
7418
7418
7418
7419
7419
7419
7419
7419
7419
7422
7422
7422
7422
7422
7426
7426
7426
7426
7426
7427
7427
7427
7427
7427
7428
7428
7428
7428
7428
7429
7429
7429
7429
7429
7430
7430
7430
7434
7434
7434
7434
7434
7436
7436
7436
7436
7436
7438
7438
7438
7438
7438
7439
7439
7439
7439
7439
7440
7440
7440
7443
7443
7443
7445
7445
7445
7448
7448
7448
7448
7448
7449
7449
7449
7449
7449
7451
7451
7451
7451
7451
7452
7452
7452
7452
7452
7453
7453
7453
7453
7453
7454
7454
7454
7454
7454
7458
7458
7458
7458
7458
7459
7459
7459
7459
7459
7459
7460
7460
7460
7460
7460
7460
7462
7462
7462
7462
7462
7462
7463
7463
7463
7463
7463
7463
7465
7465
7465
7465
7465
7466
7466
7466
7466
7466
7467
7467
7467
7467
7467
7467
7469
7469
7469
7469
7469
7472
7472
7472
7472
7472
7472
7473
7473
7473
7473
7473
7474
7474
7474
7474
7474
7475
7475
7475
7475
7475
7477
7477
7477
7477
7477
7477
7481
7481
7481
7481
7481
7481
7485
7485
7485
7485
7485
7487
7487
7487
7487
7487
7487
7488
7488
7488
7488
7488
7489
7489
7489
7489
7489
7520
7520
7520
7520
7520
7521
7521
7521
7521
7521
7522
7522
7522
7522
7522
7523
7523
7523
7523
7523
7524
7524
7524
7524
7524
7525
7525
7525
7525
7525
7526
7526
7526
7526
7526
7542
7542
7542
7542
7542
7545
7545
7545
7546
7547
7547
7547
7548
7548
7548
7552
7552
7552
7552
7552
7556
7556
7556
7556
7556
7557
7557
7557
7557
7557
7559
7559
7559
7559
7559
7560
7560
7560
7560
7560
7566
7566
7566
7566
7566
7567
7567
7567
7567
7567
7568
7568
7568
7568
7568
7568
7571
7571
7571
7571
7571
7573
7573
7573
7573
7573
7574
7574
7574
7574
7574
7575
7575
7575
7575
7575
7579
7579
7579
7579
7579
7580
7580
7580
7580
7580
7582
7582
7582
7582
7582
7585
7585
7585
7585
7585
7587
7587
7587
7587
7587
7589
7589
7589
7589
7589
7594
7594
7594
7594
7594
7594
7596
7596
7596
7596
7596
7596
7597
7597
7597
7597
7597
7600
7600
7600
7600
7600
7600
7601
7601
7601
7601
7601
7602
7602
7602
7602
7602
7603
7603
7603
7603
7603
7606
7606
7606
7606
7606
7609
7609
7609
7609
7609
7612
7612
7612
7612
7612
7612
7614
7614
7614
7614
7614
7614
7641
7641
7641
7641
7641
7643
7643
7643
7643
7643
7645
7645
7645
7645
7645
7646
7646
7646
7646
7646
7648
7648
7648
7648
7648
7650
7650
7650
7650
7650
7653
7653
7653
7653
7653
7654
7654
7654
7654
7654
7655
7655
7655
7655
7655
7659
7659
7659
7661
7661
7661
7662
7662
7662
7664
7664
7664
7665
7665
7665
7671
7672
7673
7673
7673
7674
7674
7674
7675
7675
7675
7675
7675
7677
7677
7677
7677
7677
7678
7678
7678
7678
7678
7680
7680
7680
7680
7680
7681
7681
7681
7681
7681
7682
7682
7682
7682
7682
7685
7685
7685
7685
7685
7686
7686
7686
7686
7686
7688
7688
7688
7688
7688
7691
7691
7691
7691
7691
7692
7692
7692
7692
7692
7693
7693
7693
7693
7693
7696
7696
7696
7696
7696
7697
7697
7697
7697
7697
7700
7700
7700
7700
7700
7702
7702
7702
7702
7702
7703
7703
7703
7704
7705
7706
7707
7709
7711
7712
7713
7714
7715
7717
7717
7717
7718
7718
7718
7719
7719
7719
7720
7720
7720
7721
7721
7721
7722
7722
7722
7724
7725
7726
7727
7728
7729
7731
7735
7736
7737
7739
7746
7746
7746
7748
7748
7748
7749
7749
7749
7750
7750
7750
7750
7750
7751
7751
7751
7751
7751
7752
7752
7752
7753
7753
7753
7754
7756
7760
7761
7764
7765
7766
7767
7768
7770
7774
7775
7776
7777
7778
7782
7782
7782
7783
7783
7783
7784
7784
7784
7784
7784
7786
7786
7786
7787
7787
7787
7788
7788
7788
7789
7789
7789
7791
7792
7795
7796
7798
7800
7801
7802
7806
7807
7808
7809
7810
7814
7815
7816
7818
7820
7820
7820
7825
7825
7825
7827
7827
7827
7828
7828
7828
7829
7829
7829
7830
7831
7832
7833
7834
7837
7841
7842
7843
7844
7845
7847
7848
7849
7852
7855
7855
7855
7857
7857
7857
7858
7858
7858
7859
7859
7859
7861
7862
7864
7865
7867
7868
7869
7871
7872
7873
7875
7878
7879
7882
7882
7882
7883
7883
7883
7884
7884
7884
7890
7890
7890
7892
7892
7892
7893
7893
7893
7894
7894
7894
7895
7895
7895
7896
7896
7896
7901
7901
7901
7902
7902
7902
7905
7905
7905
7907
7907
7907
7908
7909
7910
7914
7914
7914
7916
7916
7916
7917
7917
7917
7918
7919
7920
7922
7923
7924
7925
7929
7931
7932
7933
7934
7939
7944
7945
7947
7948
7949
7950
7951
7952
7953
7954
7958
7959
7962
7963
7965
7966
7967
7971
7972
7973
7974
7975
7977
7977
7977
7979
7979
7979
7980
7980
7980
7981
7981
7981
7982
7982
7982
7987
7987
7987
7989
7989
7989
7996
7996
7996
7998
7998
7998
7999
7999
7999
8000
8000
8000
8001
8001
8001
8002
8003
8005
8008
8009
8010
8011
8013
8014
8015
8016
8020
8024
8029
8030
8032
8033
8034
8037
8038
8039
8042
8043
8044
8045
8046
8047
8049
8051
8052
8053
8055
8056
8057
8059
8060
8061
8063
8065
8065
8065
8068
8068
8068
8070
8070
8070
8072
8072
8072
8074
8074
8074
8075
8075
8075
8077
8077
8077
8080
8080
8080
8081
8081
8081
8082
8082
8082
8083
8083
8083
8085
8085
8085
8086
8086
8086
8087
8087
8087
8089
8089
8089
8090
8090
8090
8091
8091
8091
8093
8093
8093
8094
8094
8094
8095
8095
8095
8096
8096
8096
8098
8098
8098
8099
8099
8099
8101
8101
8101
8102
8102
8102
8106
8107
8108
8109
8110
8116
8117
8118
8119
8121
8122
8129
8130
8131
8132
8133
8134
8135
8137
8138
8139
8141
8142
8142
8142
8143
8143
8143
8145
8145
8145
8146
8146
8146
8148
8148
8148
8149
8149
8149
8150
8150
8150
8151
8151
8151
8152
8152
8152
8153
8153
8153
8157
8157
8157
8158
8158
8158
8159
8159
8159
8161
8161
8161
8164
8164
8164
8165
8165
8165
8166
8166
8166
8167
8167
8167
8168
8168
8168
8172
8172
8172
8173
8173
8173
8174
8174
8174
8175
8175
8175
8176
8176
8176
8177
8177
8177
8182
8184
8185
8190
8192
8193
8196
8197
8200
8202
8205
8206
8206
8206
8207
8208
8210
8210
8210
8212
8212
8212
8216
8217
8221
8222
8223
8224
8225
8226
8227
8228
8229
8230
8231
8232
8232
8232
8234
8234
8234
8235
8235
8235
8236
8236
8236
8240
8241
8242
8243
8244
8245
8247
8248
8249
8251
8252
8253
8255
8255
8255
8256
8256
8256
8260
8261
8264
8265
8267
8269
8271
8272
8274
8275
8276
8276
8276
8277
8277
8277
8278
8278
8278
8280
8280
8280
8281
8282
8284
8286
8288
8294
8297
8298
8298
8298
8299
8299
8299
8304
8305
8306
8311
8312
8313
8315
8317
8318
8319
8320
8320
8320
8321
8321
8321
8322
8322
8322
8326
8330
8334
8335
8336
8342
8342
8342
8344
8344
8344
8345
8345
8345
8347
8347
8347
8347
8347
8348
8348
8348
8350
8350
8350
8350
8350
8351
8351
8351
8351
8351
8352
8352
8352
8352
8352
8354
8354
8354
8354
8354
8355
8355
8355
8357
8357
8357
8359
8359
8359
8359
8359
8361
8361
8361
8366
8366
8366
8368
8368
8368
8368
8368
8369
8369
8369
8369
8369
8370
8370
8370
8370
8370
8371
8371
8371
8371
8371
8374
8374
8374
8374
8374
8375
8375
8375
8375
8375
8379
8380
8381
8382
8385
8386
8387
8388
8389
8390
8392
8393
8394
8398
8398
8398
8398
8398
8400
8400
8400
8400
8400
8403
8403
8403
8403
8403
8404
8404
8404
8404
8404
8405
8405
8405
8406
8407
8408
8409
8410
8411
8412
8413
8415
8416
8417
8418
8419
8420
8422
8423
8424
8425
8425
8425
8426
8426
8426
8427
8427
8427
8429
8430
8431
8432
8432
8432
8433
8433
8433
8436
8436
8436
8436
8436
8437
8437
8437
8437
8437
8438
8438
8438
8438
8438
8442
8442
8442
8442
8442
8443
8443
8443
8443
8443
8445
8445
8445
8445
8445
8463
8463
8463
8464
8464
8464
8465
8465
8465
8469
8469
8469
8470
8470
8470
8472
8472
8472
8473
8473
8473
8475
8475
8475
8477
8477
8477
8479
8479
8479
8480
8480
8480
8481
8481
8481
8481
8481
8482
8482
8482
8482
8482
8483
8483
8483
8483
8483
8484
8484
8484
8484
8484
8485
8485
8485
8485
8485
8487
8487
8487
8487
8487
8488
8488
8488
8488
8488
8490
8490
8490
8490
8490
8491
8491
8491
8491
8491
8492
8492
8492
8492
8492
8493
8493
8493
8493
8493
8496
8496
8496
8496
8496
8497
8497
8497
8497
8497
8498
8498
8498
8498
8498
8500
8500
8500
8501
8502
8504
8506
8507
8508
8510
8512
8515
8515
8515
8515
8515
8516
8516
8516
8517
8517
8517
8520
8520
8520
8521
8521
8521
8522
8522
8522
8524
8526
8526
8526
8527
8527
8527
8528
8528
8528
8529
8529
8529
8531
8535
8536
8538
8539
8540
8545
8546
8547
8548
8550
8551
8552
8553
8555
8556
8560
8560
8560
8586
8587
8588
8589
8590
8593
8594
8597
8598
8599
8600
8603
8604
8605
8615
8638
8658
8659
8770
8770
8770
8774
8774
8774
8775
8775
8775
8777
8777
8777
8783
8783
8783
8785
8786
8791
8791
8791
8791
8791
8794
8796
8798
8799
8800
8801
8802
8803
8804
8805
8805
8805
8807
8807
8807
8809
8809
8809
8816
8816
8816
8817
8817
8817
8818
8818
8818
8818
8818
8820
8820
8820
8820
8820
8821
8821
8821
8821
8821
8822
8822
8822
8822
8822
8823
8823
8823
8823
8823
8833
8833
8833
8859
8879
8879
8879
8886
8886
8886
8895
8895
8895
8900
8900
8900
8901
8901
8901
8904
8904
8904
8905
8905
8905
8906
8906
8906
8907
8907
8907
8909
8909
8909
8910
8910
8910
8911
8911
8911
8914
8914
8914
8915
8915
8915
8916
8916
8916
8917
8917
8917
8918
8918
8918
8921
8921
8921
8922
8922
8922
8923
8923
8923
8924
8924
8924
8925
8925
8925
8927
8927
8927
8928
8928
8928
8929
8929
8929
8931
8931
8931
8932
8932
8932
8933
8933
8933
8935
8935
8935
8938
8938
8938
8940
8940
8940
8943
8943
8943
8943
8943
8947
8947
8947
8947
8947
8951
8951
8951
8951
8951
8952
8952
8952
8952
8952
8953
8953
8953
8953
8953
8955
8955
8955
8955
8955
8956
8956
8956
8956
8956
8957
8957
8957
8957
8957
8958
8958
8958
8960
8960
8960
8962
8962
8962
8963
8963
8963
8965
8965
8965
8966
8966
8966
8967
8967
8967
8968
8968
8968
8969
8969
8969
8970
8970
8970
8970
8970
8971
8971
8971
8971
8971
8973
8973
8973
8973
8973
8974
8974
8974
8974
8974
8975
8975
8975
8975
8975
8977
8977
8977
8977
8977
8978
8978
8978
8980
8980
8980
8982
8982
8982
8984
8984
8984
8984
8984
8986
8986
8986
8987
8987
8987
8994
8994
8994
8995
8995
8995
8996
8996
8996
8998
8998
8998
9000
9000
9000
9003
9003
9003
9007
9007
9007
9008
9008
9008
9010
9010
9010
9011
9011
9011
9015
9015
9015
9015
9015
9017
9017
9017
9017
9017
9019
9019
9019
9019
9019
9022
9022
9022
9022
9022
9023
9023
9023
9023
9023
9025
9025
9025
9026
9026
9026
9027
9027
9027
9028
9028
9028
9029
9029
9029
9030
9030
9030
9033
9033
9033
9034
9034
9034
9036
9036
9036
9036
9036
9039
9039
9039
9039
9039
9040
9040
9040
9040
9040
9043
9043
9043
9043
9043
9047
9047
9047
9047
9047
9049
9049
9049
9049
9049
9050
9050
9050
9050
9050
9052
9052
9052
9052
9052
9053
9053
9053
9053
9053
9059
9059
9059
9059
9059
9061
9061
9061
9061
9061
9062
9062
9062
9062
9062
9063
9063
9063
9063
9063
9064
9064
9064
9064
9064
9065
9065
9065
9065
9065
9066
9066
9066
9066
9066
9069
9069
9069
9069
9069
9070
9070
9070
9070
9070
9071
9071
9071
9071
9071
9072
9072
9072
9072
9072
9073
9073
9073
9073
9073
9074
9074
9074
9074
9074
9075
9075
9075
9075
9075
9076
9076
9076
9076
9076
9077
9077
9077
9077
9077
9078
9078
9078
9078
9078
9079
9079
9079
9079
9079
9080
9080
9080
9081
9081
9081
9083
9083
9083
9083
9083
9084
9084
9084
9084
9084
9085
9085
9085
9085
9085
9086
9086
9086
9086
9086
9087
9087
9087
9087
9087
9088
9088
9088
9088
9088
9089
9089
9089
9089
9089
9090
9090
9090
9090
9090
9091
9091
9091
9091
9091
9093
9093
9093
9093
9093
9094
9094
9094
9094
9094
9095
9095
9095
9095
9095
9098
9098
9098
9098
9098
9099
9099
9099
9099
9099
9100
9100
9100
9100
9100
9101
9101
9101
9101
9101
9103
9103
9103
9103
9103
9104
9104
9104
9104
9104
9105
9105
9105
9105
9105
9106
9106
9106
9106
9106
9108
9108
9108
9108
9108
9110
9110
9110
9110
9110
9115
9115
9115
9115
9115
9116
9116
9116
9116
9116
9144
9144
9144
9162
9162
9162
9278
9278
9278
9287
9287
9287
9343
9343
9343
9343
9343
9345
9345
9345
9345
9345
9346
9346
9346
9346
9346
9349
9349
9349
9349
9349
9351
9351
9351
9351
9351
9353
9353
9353
9353
9353
9365
9365
9365
9365
9365
9366
9366
9366
9366
9366
9459
9459
9459
9459
9459
9511
9513
9514
9538
9538
9538
9546
9546
9546
9546
9546
9558
9558
9558
9558
9558
9718
9722
9722
9722
9722
9722
9723
9723
9723
9723
9723
9724
9724
9724
9724
9724
9725
9725
9725
9725
9725
9795
9795
9795
9795
9795
9796
9796
9796
9796
9796
9797
9797
9797
9797
9797
9874
9874
9874
9874
9874
9875
9875
9875
9876
9876
9876
9876
9876
9877
9877
9877
9877
9877
9879
9879
9879
9880
9880
9880
9884
9885
9887
9890
9892
9892
9892
9894
9894
9894
9895
9896
9897
9898
9898
9898
9925
9925
9925
9925
9925